  0   0   0   0   0   0   0   0   0   0   0   0   0   0   0   0
  0   0   0   0   0   0   0 255 255   0   0   0 255 255 255   0
  0   0   0   0   0 255 255   0   0   0   0 255   0   0 255   0
  0   0 255 255 255 255   0   0   0   0   0 251 255 255   0   0
  0   0   0 255 255   0   0   0   0   0   0   0 255 255 255   0
  0   0 255 255 255   0   0   0   0   0   0   0   0   0   0   0
  0   0 255   0 255   0   0   0   0   0   0   0   0   0   0   0
  0 255 255   0   0   0   0   0 255 255 255 255   0   0   0   0
  0 255 255   0   0   0   0 255   0   0   0   0 255   0   0   0
  0   0   0   0   0   0   0 255   0   0   0   0   0 255   0   0
  0   0   0   0   0   0 188   0   0   0   0   0   0 255   0   0
  0   0   0   0   0   0   0   0 255  36 255 255 255   0   0   0
  0   0   0   0   0   0   0 255   0   0   0   0 255 255   0   0
  0   0   0   0   0   0   0   0 255   0   0 255 255 255   0   0
  0   0   0   0   0   0   0   0   0   0   0   0   0   0 255 255
  0   0   0   0   0   0   0   0   0   0   0   0   0   0 255 255
  0   0   0   0   0   0   0   0   0   0   0   0   0   0   0   0
  0   0   0   0   0   0   0 255 255   0   0   0 255 255 255   0
  0   0   0   0   0 255 255   0   0   0   0 255   0   0 255   0
  0   0 255 255 255 255   0   0   0   0   0 251 255 255   0   0
  0   0   0 255 255   0   0   0   0   0   0   0 255 255 255   0
  0   0 255 255 255   0   0   0   0   0   0   0   0   0   0   0
  0   0 255   0 255   0   0   0   0   0   0   0   0   0   0   0
  0 255 255   0   0   0   0   0 255 255 255 255   0   0   0   0
  0 255 255   0   0   0   0 255   0   0   0   0 255   0   0   0
  0   0   0   0   0   0   0 255   0   0   0   0   0 255   0   0
  0   0   0   0   0   0 188   0   0   0   0   0   0 255   0   0
  0   0   0   0   0   0   0   0 255  27 255 255 255   0   0   0
  0   0   0   0   0   0   0 255   0   0   0   0 255 255   0   0
  0   0   0   0   0   0   0   0 255   0   0 255 255 255   0   0
  0   0   0   0   0   0   0   0   0   0   0   0   0   0 255 255
  0   0   0   0   0   0   0   0   0   0   0   0   0   0 255 255
  0   0   0   0   0   0   0   0   0   0   0   0   0   0   0   0
  0   0   0   0   0   0   0 255 255   0   0   0 255 255 255   0
  0   0   0   0   0 255 255   0   0   0   0 255   0   0 255   0
  0   0 255 255 255 255   0   0   0   0   0 251 255 255   0   0
  0   0   0 255 255   0   0   0   0   0   0   0 255 255 255   0
  0   0 255 255 255   0   0   0   0   0   0   0   0   0   0   0
  0   0 255   0 255   0   0   0   0   0   0   0   0   0   0   0
  0 255 255   0   0   0   0   0 255 255 255 255   0   0   0   0
  0 255 255   0   0   0   0 255   0   0   0   0 255   0   0   0
  0   0   0   0   0   0   0 255   0   0   0   0   0 255   0   0
  0   0   0   0   0   0 188   0   0   0   0   0   0 255   0   0
  0   0   0   0   0   0   0   0 255 237 255 255 255   0   0   0
  0   0   0   0   0   0   0 255   0   0   0   0 255 255   0   0
  0   0   0   0   0   0   0   0 255   0   0 255 255 255   0   0
  0   0   0   0   0   0   0   0   0   0   0   0   0   0 255 255
  0   0   0   0   0   0   0   0   0   0   0   0   0   0 255 255

 54  74  52  66  76  32   0   0   0   0   0   0   1  25 189 253
 68 129 120 115 135  52   1   0   2  21  45  36  38 109 198 175
 57 131 132 113 114  53   1  13  88 157 166 170 191 229 138  25
 79 118 141 122 115  53   7  91 142  57  80 161 126 203  93   1
 82 113 109 105 115  55  27 139  72   3  67 155  67 116 125   4
 38  54  29  35  53  26  42 139  35   0  42 102  53  67 155   9
 27  19   0   0   1   0  34 141  49   1  19  61  47  87 144   6
 63  79   5   0   0   0  14 119 117  21  53 125  79 152  77   1
 30 128  24   1   0   0   2  43 133 125 123 170 150 111  11   0
  7 127 104  28   8   1   0   2  30  84 119 116  67  15   0   0
  0  66 201 159  93  32  22   8   0   1   2   1   0   0   0   0
  0  13 176 246 207 144 137  60   0   0   0   0   0   0   0   0
  0   0  97 235 251 194 102  45   6   1   0   0   0   0   0   0
  0   0  34 165 204 228 189 156 106  20   0   0   0   0   0   0
  0   0   2  12  54 129 159 202 187  53   0   0   0   0   0   0
  0   0   0   0   3   6  10  26  31   7   0   0   0   0   0   0
 54  74  52  66  76  32   0   0   0   0   0   0   1  25 189 253
 68 129 120 115 135  52   1   0   2  21  45  36  38 109 198 175
 57 131 132 113 114  53   1  13  88 157 166 170 191 229 138  25
 79 118 141 122 115  53   7  91 142  57  80 161 126 203  93   1
 82 113 109 105 115  55  27 139  72   3  67 155  67 116 125   4
 38  54  29  35  53  26  42 139  35   0  41 100  53  67 155   9
 27  19   0   0   1   0  34 141  49   1  17  58  47  87 144   6
 63  79   5   0   0   0  14 119 117  21  53 124  79 152  77   1
 30 128  24   1   0   0   2  43 133 125 123 170 150 111  11   0
  7 127 104  28   8   1   0   2  30  84 119 116  67  15   0   0
  0  66 201 159  93  32  22   8   0   1   2   1   0   0   0   0
  0  13 176 246 207 144 137  60   0   0   0   0   0   0   0   0
  0   0  97 235 251 194 102  45   6   1   0   0   0   0   0   0
  0   0  34 165 204 228 189 156 106  20   0   0   0   0   0   0
  0   0   2  12  54 129 159 202 187  53   0   0   0   0   0   0
  0   0   0   0   3   6  10  26  31   7   0   0   0   0   0   0
 54  74  52  66  76  32   0   0   0   0   0   0   1  25 189 253
 68 129 120 115 135  52   1   0   2  21  45  36  38 109 198 175
 57 131 132 113 114  53   1  13  88 157 166 170 191 229 138  25
 79 118 141 122 115  53   7  91 142  57  80 161 126 203  93   1
 82 113 109 105 115  55  27 139  72   3  69 157  68 116 125   4
 38  54  29  35  53  26  42 139  35   0  66 155  62  67 155   9
 28  19   0   0   1   0  34 141  49   1  56 136  58  87 144   6
 63  79   5   0   0   0  14 119 117  21  60 135  80 152  77   1
 30 128  24   1   0   0   2  43 133 125 123 170 150 111  11   0
  7 127 104  28   8   1   0   2  30  84 119 116  67  15   0   0
  0  66 201 160  93  32  22   8   0   1   2   1   0   0   0   0
  0  13 176 246 207 144 137  60   0   0   0   0   0   0   0   0
  0   0  97 235 251 195 102  45   7   1   0   0   0   0   0   0
  0   0  34 165 204 228 189 157 107  20   0   0   0   0   0   0
  0   0   2  12  54 129 159 202 187  53   0   0   0   0   0   0
  0   0   0   0   3   6  10  26  31   7   0   0   0   0   0   0

253 174  24   1   3   8   6   1   0   0   0   0   0   0   0   0
188 198 137  93 125 155 143  77  11   0   0   0   0   0   0   0
 25 108 229 202 115  67  86 151 111  14   0   0   0   0   0   0
  0  37 191 126  67  53  47  78 149  67   0   0   0   0   0   0
  0  35 170 160 154 101  61 124 169 116   1   0   0   0   0   0
  0  45 166  79  67  41  18  53 122 118   2   0   0   0   0   0
  0  20 156  57   3   0   0  21 125  84   0   0   0  20  52   6
  0   1  87 141  71  35  48 117 132  29   0   0   6 106 186  31
  0   0  13  90 139 139 141 119  42   2   8  59  44 156 201  25
  0   0   0   7  26  41  34  13   1   0  21 136 101 189 159   9
 31  52  52  52  55  25   0   0   0   0  31 144 194 227 129   5
 76 135 114 115 115  53   0   0   0   8  92 207 250 204  53   3
 66 115 112 121 105  35   0   0   0  27 158 245 234 164  12   0
 52 119 131 140 108  28   0   4  24 103 200 176  96  33   1   0
 74 129 131 118 113  53  19  78 128 127  65  12   0   0   0   0
 53  67  56  79  81  38  26  62  29   7   0   0   0   0   0   0
253 174  24   1   3   8   6   1   0   0   0   0   0   0   0   0
188 198 137  93 125 155 143  77  11   0   0   0   0   0   0   0
 25 108 229 202 115  67  86 151 111  14   0   0   0   0   0   0
  0  37 191 126  67  53  46  78 149  67   0   0   0   0   0   0
  0  35 170 160 154  99  57 123 169 116   1   0   0   0   0   0
  0  45 166  79  67  40  17  52 122 118   2   0   0   0   0   0
  0  20 156  57   3   0   0  21 125  84   0   0   0  20  52   6
  0   1  87 141  71  35  48 117 132  29   0   0   6 106 186  31
  0   0  13  90 139 139 141 119  42   2   8  59  44 156 201  25
  0   0   0   7  26  41  34  13   1   0  21 136 101 189 159   9
 31  52  52  52  55  25   0   0   0   0  31 144 194 227 129   5
 76 135 114 115 115  53   0   0   0   8  92 207 250 204  53   3
 66 115 112 121 105  35   0   0   0  27 158 245 234 164  12   0
 52 119 131 140 108  28   0   4  24 103 200 176  96  33   1   0
 74 129 131 118 113  53  19  78 128 127  65  12   0   0   0   0
 53  67  56  79  81  38  26  62  29   7   0   0   0   0   0   0
253 174  24   1   3   8   6   1   0   0   0   0   0   0   0   0
188 198 137  93 125 155 143  77  11   0   0   0   0   0   0   0
 25 108 229 202 115  67  86 151 111  14   0   0   0   0   0   0
  0  37 191 126  67  61  58  80 149  67   0   0   0   0   0   0
  0  35 170 160 156 154 136 134 169 116   1   0   0   0   0   0
  0  45 166  79  68  65  56  60 122 118   2   0   0   0   0   0
  0  20 156  57   3   0   0  21 125  84   0   0   0  20  52   6
  0   1  87 141  71  35  48 117 132  29   0   0   6 106 186  31
  0   0  13  90 139 139 141 119  42   2   8  60  45 156 201  25
  0   0   0   7  26  41  34  13   1   0  21 136 102 189 159   9
 31  52  52  52  55  25   0   0   0   0  31 144 194 228 129   5
 76 135 114 115 115  53   0   0   0   8  93 207 250 204  53   3
 66 115 112 121 105  35   0   0   0  27 159 245 234 164  12   0
 52 119 131 140 108  28   0   4  24 103 200 176  96  34   1   0
 74 129 131 118 113  53  19  78 128 127  65  12   0   0   0   0
 53  67  56  79  81  38  27  62  29   7   0   0   0   0   0   0

  0   0   0   0   0   0   7  31  26  10   6   3   0   0   0   0
  0   0   0   0   0   0  53 187 202 159 129  54  12   2   0   0
  0   0   0   0   0   0  20 106 156 189 228 204 165  34   0   0
  0   0   0   0   0   0   1   6  45 102 194 251 235  97   0   0
  0   0   0   0   0   0   0   0  60 137 144 207 246 176  13   0
  0   0   0   0   1   2   1   0   8  22  32  93 159 201  66   0
  0   0  15  67 116 119  84  30   2   0   1   8  28 104 127   7
  0  11 111 150 170 123 125 133  43   2   0   0   1  24 128  30
  1  77 152  79 125  53  21 117 119  14   0   0   0   5  79  63
  6 144  87  47  61  19   1  49 141  34   0   1   0   0  19  27
  9 155  67  53 102  42   0  35 139  42  26  53  35  29  54  38
  4 125 116  67 155  67   3  72 139  27  55 115 105 109 113  82
  1  93 203 126 161  80  57 142  91   7  53 115 122 141 118  79
 25 138 229 191 170 166 157  88  13   1  53 114 113 132 131  57
175 198 109  38  36  45  21   2   0   1  52 135 115 120 129  68
253 189  25   1   0   0   0   0   0   0  32  76  66  52  74  54
  0   0   0   0   0   0   7  31  26  10   6   3   0   0   0   0
  0   0   0   0   0   0  53 187 202 159 129  54  12   2   0   0
  0   0   0   0   0   0  20 106 156 189 228 204 165  34   0   0
  0   0   0   0   0   0   1   6  45 102 194 251 235  97   0   0
  0   0   0   0   0   0   0   0  60 137 144 207 246 176  13   0
  0   0   0   0   1   2   1   0   8  22  32  93 159 201  66   0
  0   0  15  67 116 119  84  30   2   0   1   8  28 104 127   7
  0  11 111 150 170 123 125 133  43   2   0   0   1  24 128  30
  1  77 152  79 124  53  21 117 119  14   0   0   0   5  79  63
  6 144  87  47  58  17   1  49 141  34   0   1   0   0  19  27
  9 155  67  53 100  41   0  35 139  42  26  53  35  29  54  38
  4 125 116  67 155  67   3  72 139  27  55 115 105 109 113  82
  1  93 203 126 161  80  57 142  91   7  53 115 122 141 118  79
 25 138 229 191 170 166 157  88  13   1  53 114 113 132 131  57
175 198 109  38  36  45  21   2   0   1  52 135 115 120 129  68
253 189  25   1   0   0   0   0   0   0  32  76  66  52  74  54
  0   0   0   0   0   0   7  31  26  10   6   3   0   0   0   0
  0   0   0   0   0   0  53 187 202 159 129  54  12   2   0   0
  0   0   0   0   0   0  20 107 157 189 228 204 165  34   0   0
  0   0   0   0   0   0   1   7  45 102 195 251 235  97   0   0
  0   0   0   0   0   0   0   0  60 137 144 207 246 176  13   0
  0   0   0   0   1   2   1   0   8  22  32  93 160 201  66   0
  0   0  15  67 116 119  84  30   2   0   1   8  28 104 127   7
  0  11 111 150 170 123 125 133  43   2   0   0   1  24 128  30
  1  77 152  80 135  60  21 117 119  14   0   0   0   5  79  63
  6 144  87  58 136  56   1  49 141  34   0   1   0   0  19  28
  9 155  67  62 155  66   0  35 139  42  26  53  35  29  54  38
  4 125 116  68 157  69   3  72 139  27  55 115 105 109 113  82
  1  93 203 126 161  80  57 142  91   7  53 115 122 141 118  79
 25 138 229 191 170 166 157  88  13   1  53 114 113 132 131  57
175 198 109  38  36  45  21   2   0   1  52 135 115 120 129  68
253 189  25   1   0   0   0   0   0   0  32  76  66  52  74  54
